%V0.5
freq1 = [393132.81,-367530.31,3482809.50,-641737.56
49353.19,-535393.25,2172449.00,-2788155.00
-297838.84,-445822.28,-67255.76,-3524557.00
-520047.53,-124514.52,-2434250.50,-2534113.50
-458805.25,270799.65,-3499384.50,-131030.05
-154828.18,508046.81,-2657981.25,2262862.25
222417.70,480768.68,-474924.00,3449060.25
487982.78,203107.26,1980044.12,2855586.00
507598.18,-146587.75,3327298.50,988446.43
302788.31,-431906.31,3209390.50,-1316193.62
-60332.86,-523939.87,1525421.75,-3114208.00
-398257.40,-345270.93,-979598.18,-3325350.75
-527062.75,10891.23,-2955230.75,-1807883.00
-383782.65,360901.75,-3401422.50,633656.81
-39503.46,523778.09,-2076969.37,2759215.25
320530.68,414665.59,304193.03,3431473.25
515645.50,85710.50,2549250.25,2300087.75
452158.65,-258350.12,3416999.50,172648.73
188621.35,-483283.59,2754982.75,-2007200.37
-192030.75,-479798.56,636716.31,-3335465.25
-460728.90,-230417.10,-1732538.00,-2906189.50
-496807.46,129163.58,-3207682.50,-1045297.68
-283545.25,426397.12,-3081351.50,1354342.50
69855.00,506506.09,-1406455.50,3051328.50
369561.09,352629.75,797141.62,3260991.00
510440.81,13056.13,2779679.00,1881225.75
406677.90,-309358.75,3346530.00,-270994.75
123132.21,-495980.96,2438509.75,-2311357.25
-243141.67,-449992.37,248800.57,-3353747.50
-481848.93,-174104.57,-2052569.75,-2669037.50
-476657.03,188263.81,-3307842.25,-646338.93
376727.53,-348835.62,3319953.50,-595133.87
73487.73,-508027.18,2208463.75,-2551881.75
-260111.07,-442616.21,127178.90,-3372391.00
-488971.46,-154988.48,-2156626.25,-2593016.25
-468851.59,207345.09,-3330200.00,-511770.65
-209381.85,467187.37,-2813363.75,1844264.37
155873.64,486634.31,-858035.37,3245386.00
427395.50,277549.00,1384781.00,3048927.00
505407.03,-54272.92,2988986.00,1486198.12
325686.28,-388260.56,3174522.75,-994843.56
8635.85,-504446.68,1833141.75,-2761786.25
-307511.21,-398249.53,-293184.43,-3288604.25
-493011.50,-89732.10,-2408404.75,-2239086.00
-423924.71,263206.56,-3275253.25,-44024.07
-143494.75,475923.84,-2474381.00,2125632.00
207725.95,449691.31,-439366.06,3220331.75
442438.50,218866.42,1674769.12,2771697.00
480765.50,-105944.92,3031617.00,1110758.75
307041.75,-382424.06,3050055.00,-1033407.81
1824.96,-489103.15,1739015.62,-2702345.50
-302153.93,-383643.28,-316731.56,-3192736.50
-479886.12,-89096.79,-2338021.00,-2190898.75
-418196.53,250906.37,-3201154.25,-90049.98
-146850.17,465238.81,-2456114.25,2054669.50
203362.87,443751.65,-444022.84,3172572.50
436082.18,220275.73,1634484.62,2758375.75
478866.81,-101562.00,3005671.25,1129824.75
310896.78,-378738.71,3057988.75,-998235.50
6850.65,-491017.25,1773103.12,-2692189.75
-298644.93,-391421.84,-268513.34,-3220428.25
-484949.96,-92703.67,-2354261.25,-2226218.25
-424955.25,253694.64,-3247670.75,-101394.64
-133453.07,478461.40,-2430257.00,2171201.25
219103.65,447624.06,-369510.40,3247098.75
452741.68,211440.81,1756971.37,2767677.00
479243.59,-146022.25,3167067.25,884794.50
282446.84,-415431.15,3030785.50,-1299723.62
-39163.83,-502354.68,1560275.25,-2915701.00
-386421.90,-325100.56,-987679.81,-3165389.25
-506251.50,15797.58,-2854229.75,-1703401.62
-365893.12,351295.25,-3267528.50,647841.00
-38698.89,506948.78,-2008117.50,2666094.75
316362.90,399358.78,332943.96,3326571.25
498008.84,110094.14,2364283.00,2370501.75
447319.03,-245945.76,3345012.00,220311.43
193056.06,-473314.50,2741356.75,-1934584.25
-150662.70,-488578.18,893870.56,-3235994.50
-455249.90,-233556.48,-1690601.12,-2901505.75
-496047.81,123951.57,-3182766.00,-1070094.75
-284116.43,425987.46,-3072996.25,1350553.00
79214.14,505180.81,-1348226.12,3071430.75
376335.00,345280.00,861216.87,3238429.50
509416.37,31278.98,2703861.25,1971473.12
395445.18,-320939.25,3320822.50,-375321.78
103480.49,-497636.34,2333183.75,-2384631.75
-231577.37,-451551.12,316365.09,-3314824.50
-474580.84,-175583.62,-2003270.75,-2650027.00
-471826.03,180079.65,-3244968.25,-672842.81
-225004.67,450835.75,-2835795.75,1697330.87
133620.31,484559.06,-973433.18,3148077.25
407666.06,291401.87,1224822.62,3048460.25
498328.25,-30348.92,2861126.75,1592711.37
342094.25,-361732.21,3166969.75,-790192.75
37007.37,-494378.93,1950784.50,-2602478.75
-279271.53,-407713.71,-105098.36,-3238688.00
-481063.59,-103676.66,-2292918.00,-2272980.25
-428180.12,238953.20,-3210426.25,-190952.00
-158633.29,462108.37,-2508147.50,1992364.75
200690.46,443279.75,-455780.15,3158273.00];

%Open
